%-- 9/15/11  6:01 PM --%
%-- 9/15/11  6:02 PM --%
%-- 15/09/11 18:03 --%
A = [10 7 8 7, 7 5 6 5, 8 6 10 9, 7 5 9 10]
A = [10 7 8 7; 7 5 6 5; 8 6 10 9; 7 5 9 10]
det A
det(A)
B = 0000000
B = [0 0 0 0; 1 0 0 0; 0 2 0 0]
det(B)
B = [0 0 0 0; 1 0 0 0; 0 2 0 0; 0 1 4 0]
det(B)
%-- 03/10/11 18:37 --%
%-- 02/11/11 19:36 --%
%-- 21/11/11 19:20 --%
a = [1.3,1.5,1.85,2.1,2.6,2.7,2.4,2.15,2.05,2.1,2.25,2.3,2.25,1.95,1.4,0.9,0.7,0.6,0.5,0.4,0.25]
d = [-0.247649,0.946912,-2.95638,-0.446635,0.445051,0.17416,0.0780757,1.31417,-1.58122,0.0431153,-0.00466629,-0.0244501,0.0174712,-0.0127297,-0.0203121,1.21318,-0.838629,0.0350069,-0.439334,0.545039,0.000483404,0.0144592,]
d = [-0.247649,0.946912,-2.95638,-0.446635,0.445051,0.17416,0.0780757,1.31417,-1.58122,0.0431153,-0.00466629,-0.0244501,0.0174712,-0.0127297,-0.0203121,1.21318,-0.838629,0.0350069,-0.439334,0.545039,0.000483404,0.0144592]
a
d
c=[-0,-0.297179,1.40726,-0.366567,-1.03652,-0.502457,-0.0322258,0.0848877,1.26764,-0.155456,-0.0261076,-0.0401137,-0.113438,-0.0506338,-0.099951,-0.150189,0.951253,-0.0917427,0.0883073,-0.928923,1.71723]
[-0,-0.255153,1.26718,-0.137414,-1.11524,-0.60642,-0.192566,0.0783683,1.2487,0.00519027,-0.0634947,-0.0460211,-0.115915,-0.0749768,-0.111036,-0.174272,0.86133,0.110346,0.0488453,-0.869227,1.55639,]
c = [-0,-0.255153,1.26718,-0.137414,-1.11524,-0.60642,-0.192566,0.0783683,1.2487,0.00519027,-0.0634947,-0.0460211,-0.115915,-0.0749768,-0.111036,-0.174272,0.86133,0.110346,0.0488453,-0.869227,1.55639,]
t = [0.9,1.3,1.9,2.1,2.6,3,3.9,4.4,4.7,5,6,7,8,9.2,10.5,11.3,11.6,12,12.6,13,13.3,]
t = [0.9,1.3,1.9,2.1,2.6,3,3.9,4.4,4.7,5,6,7,8,9.2,10.5,11.3,11.6,12,12.6,13,13.3]
st = [1.3,1.5,1.85,2.1,2.6,2.7,2.4,2.15,2.05,2.1,2.25,2.3,2.25,1.95,1.4,0.9,0.7,0.6,0.5,0.4,0.25,]
st = [1.3,1.5,1.85,2.1,2.6,2.7,2.4,2.15,2.05,2.1,2.25,2.3,2.25,1.95,1.4,0.9,0.7,0.6,0.5,0.4,0.25]
t
st
plot(t,st)
t=[0.9,1,1.1,1.2,1.3,1.4,1.5,1.6,1.7,1.8,1.9,2,2.1,2.2,2.3,2.4,2.5,2.6,2.7,2.8,2.9,3,3.1,3.2,3.3,3.4,3.5,3.6,3.7,3.8,3.9,4,4.1,4.2,4.3,4.4,4.5,4.6,4.7,4.8,4.9,5,5.1,5.2,5.3,5.4,5.5,5.6,5.7,5.8,5.9,6,6.1,6.2,6.3,6.4,6.5,6.6,6.7,6.8,6.9,7,7.1,7.2,7.3,7.4,7.5,7.6,7.7,7.8,7.9,8,8.1,8.2,8.3,8.4,8.5,8.6,8.7,8.8,8.9,9,9.1,9.2,9.3,9.4,9.5,9.6,9.7,9.8,9.9,10,10.1,10.2,10.3,10.4,10.5,10.6,10.7,10.8,10.9,11,11.1,11.2,11.3,11.4,11.5,11.6,11.7,11.8,11.9,12,12.1,12.2,12.3,12.4,12.5,12.6,12.7,12.8,12.9,13,13.1,13.2,]
t=[0.9,1,1.1,1.2,1.3,1.4,1.5,1.6,1.7,1.8,1.9,2,2.1,2.2,2.3,2.4,2.5,2.6,2.7,2.8,2.9,3,3.1,3.2,3.3,3.4,3.5,3.6,3.7,3.8,3.9,4,4.1,4.2,4.3,4.4,4.5,4.6,4.7,4.8,4.9,5,5.1,5.2,5.3,5.4,5.5,5.6,5.7,5.8,5.9,6,6.1,6.2,6.3,6.4,6.5,6.6,6.7,6.8,6.9,7,7.1,7.2,7.3,7.4,7.5,7.6,7.7,7.8,7.9,8,8.1,8.2,8.3,8.4,8.5,8.6,8.7,8.8,8.9,9,9.1,9.2,9.3,9.4,9.5,9.6,9.7,9.8,9.9,10,10.1,10.2,10.3,10.4,10.5,10.6,10.7,10.8,10.9,11,11.1,11.2,11.3,11.4,11.5,11.6,11.7,11.8,11.9,12,12.1,12.2,12.3,12.4,12.5,12.6,12.7,12.8,12.9,13,13.1,13.2]
st = [1.3,1.35371,1.40594,1.4552,1.5,1.54005,1.57984,1.62505,1.68135,1.75445,1.85,1.9698,2.1,2.22538,2.34075,2.44343,2.53074,2.6,2.64942,2.68078,2.69675,2.7,2.69293,2.67686,2.65282,2.62188,2.58506,2.54342,2.498,2.44984,2.4,2.34942,2.29865,2.24819,2.19848,2.15,2.10446,2.06849,2.05,2.05396,2.07379,2.1,2.12472,2.14659,2.16588,2.18282,2.1977,2.21075,2.22225,2.23246,2.24162,2.25,2.25781,2.26507,2.27176,2.27783,2.28328,2.28806,2.29215,2.29552,2.29815,2.3,2.30103,2.30111,2.3001,2.29784,2.2942,2.28901,2.28215,2.27346,2.26279,2.25,2.23498,2.2178,2.19856,2.17736,2.15432,2.12952,2.10309,2.07513,2.04573,2.015,1.98306,1.95,1.9159,1.88071,1.84436,1.80676,1.76785,1.72755,1.68577,1.64246,1.59751,1.55087,1.50246,1.45219,1.4,1.34579,1.28946,1.23088,1.16993,1.10649,1.04044,0.971648,0.9,0.826606,0.757512,0.7,0.659297,0.632419,0.614332,0.6,0.585262,0.569462,0.552817,0.535547,0.517868,0.5,0.481676,0.460694,0.434364,0.4,0.355957,0.304765]
plot(t,st)
hold on
%-- 11/21/11  8:12 PM --%
%-- 21/11/11 21:13 --%
x = [1,3,2,0]
y = [1,5,4,5]
sx = [1.4452, 1.92907, 2.35856, 2.83739, 2.71227]
sy = [1.8904, 2.85815, 3.71713, 4.67478, 4.61003]
plot (x,y)
hold on
plot(sx,sy,'r*')
x = [1,1.2726,1.5408,1.8002,2.0464,2.275,2.4816,2.6618,2.8112,2.9254,3,3.032,3.024,2.98,2.904,2.8,2.672,2.524,2.36,2.184,2,1.8114,1.6192,1.4238,1.2256,1.025,0.8224,0.6182,0.4128,0.2066,]
y = [1,1.5452,2.0816,2.6004,3.0928,3.55,3.9632,4.3236,4.6224,4.8508,5,5.065,5.056,4.987,4.872,4.725,4.56,4.391,4.232,4.097,4,3.9518,3.9504,3.9906,4.0672,4.175,4.3088,4.4634,4.6336,4.8142,]
plot (x,y)
hold on
plot(sx,sy,'r*')
x = [1,1.02733,1.05466,1.08198,1.10929,1.13657,1.16384,1.19108,1.21829,1.24547,1.2726,1.29969,1.32673,1.35372,1.38065,1.40752,1.43433,1.46106,1.48772,1.5143,1.5408,1.56721,1.59352,1.61974,1.64586,1.67187,1.69778,1.72357,1.74924,1.77478,1.8002,1.82549,1.85064,1.87565,1.90051,1.92522,1.94979,1.97419,1.99843,2.0225,2.0464,2.07012,2.09367,2.11703,2.1402,2.16317,2.18595,2.20853,2.2309,2.25306,2.275,2.29672,2.31822,2.33949,2.36053,2.38132,2.40188,2.42219,2.44225,2.46206,2.4816,2.50088,2.51989,2.53863,2.55709,2.57527,2.59317,2.61077,2.62808,2.64509,2.6618,2.6782,2.69428,2.71005,2.7255,2.74062,2.75542,2.76988,2.784,2.79777,2.8112,2.82428,2.837,2.84936,2.86135,2.87297,2.88423,2.8951,2.90559,2.91569,2.9254,2.93471,2.94363,2.95214,2.96024,2.96792,2.97519,2.98204,2.98846,2.99445,3,3.00511,3.00979,3.01404,3.01786,3.02125,3.02422,3.02678,3.02893,3.03067,3.032,3.03293,3.03347,3.03362,3.03338,3.03275,3.03174,3.03036,3.02861,3.02649,3.024,3.02115,3.01795,3.0144,3.0105,3.00625,3.00166,2.99674,2.99149,2.98591,2.98,2.97377,2.96723,2.96038,2.95322,2.94575,2.93798,2.92992,2.92157,2.91293,2.904,2.89479,2.88531,2.87556,2.86554,2.85525,2.8447,2.8339,2.82285,2.81155,2.8,2.78821,2.77619,2.76394,2.75146,2.73875,2.72582,2.71268,2.69933,2.68577,2.672,2.65803,2.64387,2.62952,2.61498,2.60025,2.58534,2.57026,2.55501,2.53959,2.524,2.50825,2.49235,2.4763,2.4601,2.44375,2.42726,2.41064,2.39389,2.37701,2.36,2.34287,2.32563,2.30828,2.29082,2.27325,2.25558,2.23782,2.21997,2.20203,2.184,2.16589,2.14771,2.12946,2.11114,2.09275,2.0743,2.0558,2.03725,2.01865,2,1.98131,1.96259,1.94382,1.92502,1.90618,1.88729,1.86838,1.84942,1.83043,1.8114,1.79234,1.77324,1.7541,1.73493,1.71573,1.69649,1.67721,1.65791,1.63857,1.6192,1.5998,1.58036,1.5609,1.5414,1.52188,1.50232,1.48273,1.46312,1.44347,1.4238,1.4041,1.38437,1.36462,1.34483,1.32503,1.30519,1.28533,1.26544,1.24553,1.2256,1.20564,1.18566,1.16565,1.14563,1.12558,1.1055,1.08541,1.06529,1.04516,1.025,1.00482,0.984627,0.964412,0.944178,0.923925,0.903655,0.883366,0.863061,0.842739,0.8224,0.802046,0.781675,0.76129,0.74089,0.720475,0.700047,0.679604,0.659149,0.638681,0.6182,0.597708,0.577203,0.556688,0.536162,0.515625,0.495079,0.474522,0.453957,0.433383,0.4128,0.39221,0.371611,0.351006,0.330394,0.309775,0.289151,0.26852,0.247885,0.227245,0.2066,0.185952,0.165299,0.144644,0.123986,0.103325,0.0826625,0.0619983,0.0413329,0.0206667,1.38581e-07,]
y = [1,1.05467,1.10932,1.16396,1.21857,1.27315,1.32768,1.38216,1.43658,1.49093,1.5452,1.59938,1.65347,1.70744,1.76131,1.81505,1.86866,1.92213,1.97545,2.02861,2.0816,2.13442,2.18705,2.23949,2.29172,2.34375,2.39556,2.44713,2.49847,2.54956,2.6004,2.65097,2.70127,2.75129,2.80102,2.85045,2.89957,2.94838,2.99685,3.045,3.0928,3.14025,3.18734,3.23406,3.2804,3.32635,3.37191,3.41706,3.4618,3.50611,3.55,3.59345,3.63644,3.67898,3.72105,3.76265,3.80376,3.84438,3.8845,3.92411,3.9632,4.00176,4.03979,4.07726,4.11419,4.15055,4.18634,4.22155,4.25617,4.29019,4.3236,4.3564,4.38857,4.42011,4.451,4.48125,4.51084,4.53975,4.56799,4.59554,4.6224,4.64855,4.67399,4.69871,4.7227,4.74595,4.76845,4.7902,4.81117,4.83138,4.8508,4.86943,4.88726,4.90428,4.92048,4.93585,4.95039,4.96408,4.97692,4.98889,5,5.01023,5.01959,5.0281,5.03578,5.04262,5.04866,5.05391,5.05837,5.06206,5.065,5.0672,5.06867,5.06943,5.0695,5.06888,5.06758,5.06564,5.06305,5.05983,5.056,5.05157,5.04655,5.04096,5.03482,5.02813,5.0209,5.01317,5.00493,4.9962,4.987,4.97734,4.96723,4.95669,4.94574,4.93438,4.92262,4.9105,4.89801,4.88517,4.872,4.85851,4.84471,4.83062,4.81626,4.80163,4.78674,4.77163,4.75629,4.74074,4.725,4.70908,4.69299,4.67675,4.66038,4.64388,4.62726,4.61056,4.59377,4.57691,4.56,4.54305,4.52607,4.50908,4.4921,4.47513,4.45818,4.44129,4.42445,4.40768,4.391,4.37442,4.35795,4.34161,4.32542,4.30938,4.2935,4.27782,4.26233,4.24705,4.232,4.21719,4.20263,4.18834,4.17434,4.16063,4.14722,4.13415,4.12141,4.10902,4.097,4.08536,4.07411,4.06327,4.05286,4.04288,4.03334,4.02428,4.01569,4.00759,4,3.99293,3.98637,3.98032,3.97477,3.96973,3.96517,3.96111,3.95753,3.95443,3.9518,3.94964,3.94794,3.9467,3.94592,3.94558,3.94568,3.94622,3.94719,3.94858,3.9504,3.95263,3.95528,3.95833,3.96178,3.96562,3.96986,3.97448,3.97948,3.98486,3.9906,3.99671,4.00317,4.00999,4.01716,4.02467,4.03252,4.04071,4.04922,4.05805,4.0672,4.07666,4.08643,4.0965,4.10687,4.11752,4.12847,4.13969,4.15119,4.16296,4.175,4.1873,4.19985,4.21265,4.22569,4.23897,4.25249,4.26624,4.28021,4.2944,4.3088,4.32341,4.33822,4.35323,4.36844,4.38382,4.3994,4.41515,4.43107,4.44715,4.4634,4.4798,4.49636,4.51306,4.5299,4.54687,4.56398,4.58121,4.59856,4.61603,4.6336,4.65128,4.66905,4.68692,4.70488,4.72292,4.74104,4.75924,4.7775,4.79582,4.8142,4.83263,4.85111,4.86963,4.88819,4.90677,4.92539,4.94402,4.96267,4.98133,5,]
plot (x,y)
x = [1,1.02733,1.05466,1.08198,1.10929,1.13657,1.16384,1.19108,1.21829,1.24547,1.2726,1.29969,1.32673,1.35372,1.38065,1.40752,1.43433,1.46106,1.48772,1.5143,1.5408,1.56721,1.59352,1.61974,1.64586,1.67187,1.69778,1.72357,1.74924,1.77478,1.8002,1.82549,1.85064,1.87565,1.90051,1.92522,1.94979,1.97419,1.99843,2.0225,2.0464,2.07012,2.09367,2.11703,2.1402,2.16317,2.18595,2.20853,2.2309,2.25306,2.275,2.29672,2.31822,2.33949,2.36053,2.38132,2.40188,2.42219,2.44225,2.46206,2.4816,2.50088,2.51989,2.53863,2.55709,2.57527,2.59317,2.61077,2.62808,2.64509,2.6618,2.6782,2.69428,2.71005,2.7255,2.74062,2.75542,2.76988,2.784,2.79777,2.8112,2.82428,2.837,2.84936,2.86135,2.87297,2.88423,2.8951,2.90559,2.91569,2.9254,2.93471,2.94363,2.95214,2.96024,2.96792,2.97519,2.98204,2.98846,2.99445,3,3.00511,3.00979,3.01404,3.01786,3.02125,3.02422,3.02678,3.02893,3.03067,3.032,3.03293,3.03347,3.03362,3.03338,3.03275,3.03174,3.03036,3.02861,3.02649,3.024,3.02115,3.01795,3.0144,3.0105,3.00625,3.00166,2.99674,2.99149,2.98591,2.98,2.97377,2.96723,2.96038,2.95322,2.94575,2.93798,2.92992,2.92157,2.91293,2.904,2.89479,2.88531,2.87556,2.86554,2.85525,2.8447,2.8339,2.82285,2.81155,2.8,2.78821,2.77619,2.76394,2.75146,2.73875,2.72582,2.71268,2.69933,2.68577,2.672,2.65803,2.64387,2.62952,2.61498,2.60025,2.58534,2.57026,2.55501,2.53959,2.524,2.50825,2.49235,2.4763,2.4601,2.44375,2.42726,2.41064,2.39389,2.37701,2.36,2.34287,2.32563,2.30828,2.29082,2.27325,2.25558,2.23782,2.21997,2.20203,2.184,2.16589,2.14771,2.12946,2.11114,2.09275,2.0743,2.0558,2.03725,2.01865,2,1.98131,1.96259,1.94382,1.92502,1.90618,1.88729,1.86838,1.84942,1.83043,1.8114,1.79234,1.77324,1.7541,1.73493,1.71573,1.69649,1.67721,1.65791,1.63857,1.6192,1.5998,1.58036,1.5609,1.5414,1.52188,1.50232,1.48273,1.46312,1.44347,1.4238,1.4041,1.38437,1.36462,1.34483,1.32503,1.30519,1.28533,1.26544,1.24553,1.2256,1.20564,1.18566,1.16565,1.14563,1.12558,1.1055,1.08541,1.06529,1.04516,1.025,1.00482,0.984627,0.964412,0.944178,0.923925,0.903655,0.883366,0.863061,0.842739,0.8224,0.802046,0.781675,0.76129,0.74089,0.720475,0.700047,0.679604,0.659149,0.638681,0.6182,0.597708,0.577203,0.556688,0.536162,0.515625,0.495079,0.474522,0.453957,0.433383,0.4128,0.39221,0.371611,0.351006,0.330394,0.309775,0.289151,0.26852,0.247885,0.227245,0.2066,0.185952,0.165299,0.144644,0.123986,0.103325,0.0826625,0.0619983,0.0413329,0.0206667,1.38581e-07,]
y = [1,1.05467,1.10932,1.16396,1.21857,1.27315,1.32768,1.38216,1.43658,1.49093,1.5452,1.59938,1.65347,1.70744,1.76131,1.81505,1.86866,1.92213,1.97545,2.02861,2.0816,2.13442,2.18705,2.23949,2.29172,2.34375,2.39556,2.44713,2.49847,2.54956,2.6004,2.65097,2.70127,2.75129,2.80102,2.85045,2.89957,2.94838,2.99685,3.045,3.0928,3.14025,3.18734,3.23406,3.2804,3.32635,3.37191,3.41706,3.4618,3.50611,3.55,3.59345,3.63644,3.67898,3.72105,3.76265,3.80376,3.84438,3.8845,3.92411,3.9632,4.00176,4.03979,4.07726,4.11419,4.15055,4.18634,4.22155,4.25617,4.29019,4.3236,4.3564,4.38857,4.42011,4.451,4.48125,4.51084,4.53975,4.56799,4.59554,4.6224,4.64855,4.67399,4.69871,4.7227,4.74595,4.76845,4.7902,4.81117,4.83138,4.8508,4.86943,4.88726,4.90428,4.92048,4.93585,4.95039,4.96408,4.97692,4.98889,5,5.01023,5.01959,5.0281,5.03578,5.04262,5.04866,5.05391,5.05837,5.06206,5.065,5.0672,5.06867,5.06943,5.0695,5.06888,5.06758,5.06564,5.06305,5.05983,5.056,5.05157,5.04655,5.04096,5.03482,5.02813,5.0209,5.01317,5.00493,4.9962,4.987,4.97734,4.96723,4.95669,4.94574,4.93438,4.92262,4.9105,4.89801,4.88517,4.872,4.85851,4.84471,4.83062,4.81626,4.80163,4.78674,4.77163,4.75629,4.74074,4.725,4.70908,4.69299,4.67675,4.66038,4.64388,4.62726,4.61056,4.59377,4.57691,4.56,4.54305,4.52607,4.50908,4.4921,4.47513,4.45818,4.44129,4.42445,4.40768,4.391,4.37442,4.35795,4.34161,4.32542,4.30938,4.2935,4.27782,4.26233,4.24705,4.232,4.21719,4.20263,4.18834,4.17434,4.16063,4.14722,4.13415,4.12141,4.10902,4.097,4.08536,4.07411,4.06327,4.05286,4.04288,4.03334,4.02428,4.01569,4.00759,4,3.99293,3.98637,3.98032,3.97477,3.96973,3.96517,3.96111,3.95753,3.95443,3.9518,3.94964,3.94794,3.9467,3.94592,3.94558,3.94568,3.94622,3.94719,3.94858,3.9504,3.95263,3.95528,3.95833,3.96178,3.96562,3.96986,3.97448,3.97948,3.98486,3.9906,3.99671,4.00317,4.00999,4.01716,4.02467,4.03252,4.04071,4.04922,4.05805,4.0672,4.07666,4.08643,4.0965,4.10687,4.11752,4.12847,4.13969,4.15119,4.16296,4.175,4.1873,4.19985,4.21265,4.22569,4.23897,4.25249,4.26624,4.28021,4.2944,4.3088,4.32341,4.33822,4.35323,4.36844,4.38382,4.3994,4.41515,4.43107,4.44715,4.4634,4.4798,4.49636,4.51306,4.5299,4.54687,4.56398,4.58121,4.59856,4.61603,4.6336,4.65128,4.66905,4.68692,4.70488,4.72292,4.74104,4.75924,4.7775,4.79582,4.8142,4.83263,4.85111,4.86963,4.88819,4.90677,4.92539,4.94402,4.96267,4.98133,5,]
plot(x,y)
d = [-0.733333,0.666667,0.0666667,]
c = [-0,-2.2,-0.2,]
b = [2.73333,0.533333,-1.86667,]
a =  [1,3,2,0,]
x = [1,3,2,0]
y = [1,5,4,5]
spx = csape(0:3,x)
spy = csape(0:3,x)
spy = csape(0:3,y)
plot (ppval(spx,0:0.1:3), ppval(spy, 0:0.1:3))
hold on
splx = spline(0:3,x)
sply = spline(0:3,y)
plot (ppval(spx,0:0.1:3), ppval(spy, 0:0.1:3), 'r-')
plot(x,y,'g*')
x
y
spy = csape(0:3,y)
spx = csape(0:3,x)
plot (fnval(spx,0:0.1:3), fnval(spy, 0:0.1:3), 'r-')
plot (fnval(spx,0:0.1:3), fnval(spy, 0:0.1:3), 'r-*')
plot (fnval(spx,0:0.001:3), fnval(spy, 0:0.001:3), 'b-')
x= [0,0.19643,0.393077,0.590156,0.787884,0.986478,1.18615,1.38713,1.58962,1.79383,2,2.20811,2.41731,2.6265,2.83462,3.04057,3.24327,3.44165,3.63462,3.82109,4,4.17112,4.33769,4.50383,4.67365,4.85126,5.04076,5.24628,5.47192,5.72179,6,6.30642,6.62393,6.93117,7.20678,7.4294,7.57767,7.63023,7.56571,7.36275,7,6.46721,5.79859,5.03948,4.23522,3.43113,2.67255,2.00482,1.47326,1.12321,1,1.13375,1.49371,2.03389,2.70834,3.47107,4.27612,5.07751,5.82926,6.48542,7,7.33879,7.51459,7.55195,7.47543,7.30959,7.07898,6.80816,6.52169,6.24412,6,5.80909,5.67195,5.58431,5.54194,5.54057,5.57595,5.64384,5.73997,5.86011,6,6.15583,6.32562,6.50779,6.70082,6.90314,7.11322,7.32949,7.55041,7.77443,]
y = [4,3.74509,3.49956,3.27282,3.07423,2.91321,2.79912,2.74137,2.74934,2.83242,3,3.25508,3.57509,3.93111,4.29419,4.63538,4.92574,5.13632,5.23819,5.2024,5,4.61561,4.08806,3.46973,2.81301,2.17028,1.59393,1.13634,0.849902,0.786992,1,1.52048,2.29666,3.25596,4.32577,5.43349,6.50654,7.47231,8.2582,8.79163,9,8.83447,8.34128,7.59043,6.65192,5.59575,4.49192,3.41043,2.42128,1.59447,1,0.688634,0.634204,0.791306,1.11454,1.55849,2.07777,2.62696,3.16066,3.63348,4,4.22599,4.3219,4.30934,4.20993,4.04528,3.83701,3.60673,3.37606,3.16661,3,2.8934,2.84619,2.85332,2.90974,3.01038,3.15019,3.32411,3.52709,3.75408,4,4.26042,4.53334,4.81737,5.11112,5.41321,5.72223,6.03682,6.35556,6.67709,]
plot (x,y)
xs = [0,0.27628,0.553161,0.970927,1.39343,1.8227,2.11361,2.40749,2.70147,2.99255,3.2777,3.68777,4.06765,4.24561,4.36228,4.47904,4.59731,4.71853,4.84412,4.97552,5.18662,5.50174,5.9658,6.2316,6.45393,6.62146,6.78618,6.94496,7.09467,7.23217,7.35433,7.45801,7.54009,7.59744,7.62691,7.62538,7.56971,7.44592,7.11628,6.59694,6.15751,5.79013,5.39774,4.98698,4.70621,4.42221,4.13694,3.85237,3.57047,3.2932,]
ys = [4,3.64368,3.31347,2.92422,2.74058,2.85067,3.12971,3.55906,4.06229,4.5589,4.96841,5.24329,4.87023,4.39525,4.00075,3.56521,3.10685,2.64387,2.19448,1.77691,1.25,0.828739,0.959065,1.37053,1.85389,2.2898,2.77678,3.3042,3.86141,4.43776,5.0226,5.60528,6.17517,6.72162,7.23397,7.70159,8.23709,8.64889,8.97947,8.90111,8.63218,8.33384,7.96408,7.53316,7.21697,6.8812,6.5289,6.1631,5.78685,5.40319,]
hold on
plot (xs, xy,  'r*')
plot (xs, ys,  'r*')
xs = [0,0.27628,0.553161,0.970927,1.39343,1.8227,2.11361,2.40749,2.70147,2.99255,3.2777,3.68777,4.06765,4.24561,4.36228,4.47904,4.59731,4.71853,4.84412,4.97552,5.18662,5.50174,5.9658,6.2316,6.45393,6.62146,6.78618,6.94496,7.09467,7.23217,7.35433,7.45801,7.54009,7.59744,7.62691,7.62538,7.56971,7.44592,7.11628,6.59694,6.15751,5.79013,5.39774,4.98698,4.70621,4.42221,4.13694,3.85237,3.57047,3.2932,3.02359,2.76449,2.51756,2.28439,2.06647,1.86523,1.5971,1.37393,1.15269,1.02704,1.08588,1.50185,1.97785,2.34876,2.75061,3.17345,3.60814,4.04634,4.48045,4.90353,5.30931,5.6921,6.0468,6.51798,6.90153,7.26288,7.42093,7.08273,6.66932,6.27257,5.83043,5.55982,5.7788,6.02471,6.32724,6.60449,6.93017,7.18785,7.48761,7.74265,]
ys = [4,3.64368,3.31347,2.92422,2.74058,2.85067,3.12971,3.55906,4.06229,4.5589,4.96841,5.24329,4.87023,4.39525,4.00075,3.56521,3.10685,2.64387,2.19448,1.77691,1.25,0.828739,0.959065,1.37053,1.85389,2.2898,2.77678,3.3042,3.86141,4.43776,5.0226,5.60528,6.17517,6.72162,7.23397,7.70159,8.23709,8.64889,8.97947,8.90111,8.63218,8.33384,7.96408,7.53316,7.21697,6.8812,6.5289,6.1631,5.78685,5.40319,5.01668,4.63186,4.25165,3.87883,3.51602,3.16576,2.66813,2.21182,1.67882,1.24735,0.730615,0.635281,0.769209,0.93094,1.13743,1.37827,1.64392,1.92559,2.21528,2.50565,2.79003,3.06236,3.31714,3.65693,3.93097,4.17771,4.1532,3.84029,3.4933,3.1873,2.90362,3.0977,3.6027,4.04209,4.53591,4.96532,5.4532,5.83113,6.26517,6.63155,]
plot (x,y)
hold on
plot (xs, ys,  'r*')
xs = [0,0.27628,0.553161,0.970927,1.39343,1.8227,2.11361,2.40749,2.70147,2.99255,3.2777,3.68777,4.06765,4.24561,4.36228,4.47904,4.59731,4.71853,4.84412,4.97552,5.18662,5.50174,5.9658,6.2316,6.45393,6.62146,6.78618,6.94496,7.09467,7.23217,7.35433,7.45801,7.54009,7.59744,7.62691,7.62538,7.56971,7.44592,7.11628,6.59694,6.15751,5.79013,5.39774,4.98698,4.70621,4.42221,4.13694,3.85237,3.57047,3.2932,3.02359,2.76449,2.51756,2.28439,2.06647,1.86523,1.5971,1.37393,1.15269,1.02704,1.08588,1.50185,1.97785,2.34876,2.75061,3.17345,3.60814,4.04634,4.48045,4.90353,5.30931,5.6921,6.0468,6.51798,6.90153,7.26288,7.42093,7.08273,6.66932,6.27257,5.83043,5.55982,5.7788,6.02471,6.32724,6.60449,6.93017,7.18785,7.48761,7.74265,]
ys = [4,3.64368,3.31347,2.92422,2.74058,2.85067,3.12971,3.55906,4.06229,4.5589,4.96841,5.24329,4.87023,4.39525,4.00075,3.56521,3.10685,2.64387,2.19448,1.77691,1.25,0.828739,0.959065,1.37053,1.85389,2.2898,2.77678,3.3042,3.86141,4.43776,5.0226,5.60528,6.17517,6.72162,7.23397,7.70159,8.23709,8.64889,8.97947,8.90111,8.63218,8.33384,7.96408,7.53316,7.21697,6.8812,6.5289,6.1631,5.78685,5.40319,5.01668,4.63186,4.25165,3.87883,3.51602,3.16576,2.66813,2.21182,1.67882,1.24735,0.730615,0.635281,0.769209,0.93094,1.13743,1.37827,1.64392,1.92559,2.21528,2.50565,2.79003,3.06236,3.31714,3.65693,3.93097,4.17771,4.1532,3.84029,3.4933,3.1873,2.90362,3.0977,3.6027,4.04209,4.53591,4.96532,5.4532,5.83113,6.26517,6.63155,]
plot (x,y)
hold on
plot (xs, ys,  'r*')
x
x = [0,-0.331909,-0.651268,-0.945524,-1.20213,-1.40853,-1.55217,-1.62051,-1.60099,-1.48106,-1.24817,-0.889776,-0.393318,0.253753,1.06399,2.04993,3.16521,4.15879,4.84539,]
y = 4,3.23935,2.4974,1.79285,1.14439,0.570737,0.0905806,-0.277378,-0.51444,-0.601905,-0.521073,-0.253245,0.220279,0.918198,1.85921,3.06201,4.37199,5.03302,4.55121,
y = 4,3.23935,2.4974,1.79285,1.14439,0.570737,0.0905806,-0.277378,-0.51444,-0.601905,-0.521073,-0.253245,0.220279,0.918198,1.85921,3.06201,4.37199,5.03302,4.55121,]
y = [4,3.23935,2.4974,1.79285,1.14439,0.570737,0.0905806,-0.277378,-0.51444,-0.601905,-0.521073,-0.253245,0.220279,0.918198,1.85921,3.06201,4.37199,5.03302,4.55121,]
hold on
xs = [0,-0.197754,-0.392885,-0.582772,-0.764792,-0.936323,-1.09474,-1.30205,-1.46511,-1.59838,-1.49781,-1.01854,-0.679444,-0.296946,0.0420942,0.321043,0.605603,0.893206,1.18161,1.46888,1.75336,2.03365,2.30744,2.57013,2.94192,3.27324,3.65482,4.10242,4.50193,4.85924,5.09727,5.24814,]
ys = [4,3.54744,3.09879,2.65796,2.22884,1.81536,1.42141,0.875653,0.39583,-0.118586,-0.600441,-0.360158,-0.0622277,0.319806,0.683076,0.994054,1.31993,1.65648,1.99996,2.34714,2.69521,3.04178,3.38143,3.7018,4.133,4.48026,4.80967,5.02608,4.94158,4.52744,3.99934,3.53454,]
plot (x,y, 'b-')
hold on
plot (xs,ys, 'y*')
hold on
plot (x,y, 'r')
x = [0,0.135469,0.270892,0.406222,0.541412,0.676417,0.811191,0.945686,1.07986,1.21365,1.34704,1.47995,1.61236,1.74421,1.87546,2.00606,2.13595,2.26502,2.39316,2.52025,2.64617,2.7708,2.89402,3.01573,3.1358,3.25411,3.37055,3.48499,3.59733,3.70744,3.81521,3.92052,4.02325,4.1234,4.22123,4.31701,4.41102,4.50354,4.59485,4.68523,4.77496,4.86431,4.95356,5.043,5.13289,5.22353,5.31519,5.40815,5.50268,5.59907,5.6976,5.79854,5.90217,6.00877,6.11838,6.23026,6.34353,6.45732,6.57073,6.68289,6.79291,6.89991,7.00301,7.10133,7.19399,7.2801,7.35878,7.42915,7.49032,7.54143,7.58157,7.60988,7.62546,7.62745,7.61494,7.58708,7.54296,7.48171,7.40244,7.30429,7.18635,7.04776,6.88777,6.70726,6.50809,6.29211,6.06121,5.81724,5.56207,5.29757,5.02561,4.74805,4.46676,4.18362,3.90048,3.61921,3.34169,3.06978,2.80534,2.55024,2.30636,2.07555,1.85969,1.66064,1.48028,1.32046,1.18306,1.06994,0.982964,0.924011,0.894942,0.897625,0.933928,1.00572,1.11388,1.25605,1.42922,1.63034,1.8564,2.10438,2.37124,2.65396,2.94951,3.25487,3.56701,3.88291,4.19954,4.51388,4.8229,5.12356,5.41286,5.68776,5.94524,6.18227,6.39582,6.58287,6.7404,6.86537,6.95477,7.00557,7.01689,6.99317,6.93963,6.8615,6.764,6.65237,6.53182,6.4076,6.28492,6.16901,6.06511,5.97841,5.91194,5.86476,5.83549,5.82275,5.82516,5.84136,5.86995,5.90957,5.95885,6.0164,6.08118,6.15275,6.23072,6.31471,6.40433,6.49921,6.59896,6.70319,6.81153,6.9236,7.03899,7.15735,7.27828,7.40139,7.52632,7.65266,7.78005,7.90809,]
y = [4,3.8597,3.72138,3.58701,3.45858,3.33807,3.22746,3.12872,3.04383,2.97478,2.92354,2.89209,2.88241,2.89648,2.93628,3.00378,3.09974,3.22063,3.36196,3.51928,3.68812,3.86401,4.04248,4.21907,4.38931,4.54874,4.69288,4.81727,4.91744,4.98892,5.02726,5.02797,4.98662,4.90149,4.77652,4.61636,4.42564,4.209,3.97107,3.7165,3.44992,3.17597,2.89929,2.62451,2.35628,2.09923,1.85799,1.63722,1.44153,1.27558,1.144,1.05143,1.0025,1.00186,1.0524,1.15158,1.2958,1.48144,1.70489,1.96255,2.2508,2.56605,2.90466,3.26305,3.63759,4.02468,4.42071,4.82207,5.22515,5.62634,6.02204,6.40862,6.78249,7.14004,7.47764,7.79171,8.07861,8.33476,8.55653,8.74031,8.88251,8.9795,9.02804,9.02864,8.98415,8.89743,8.77138,8.60885,8.41272,8.18587,7.93116,7.65147,7.34968,7.02866,6.69128,6.34042,5.97894,5.60973,5.23565,4.85958,4.48439,4.11295,3.74815,3.39285,3.04993,2.72225,2.4127,2.12414,1.85945,1.62151,1.41318,1.23735,1.09687,0.994635,0.932339,0.907834,0.918174,0.960412,1.0316,1.1288,1.24906,1.38943,1.54697,1.71874,1.90178,2.09315,2.28991,2.4891,2.68779,2.88303,3.07187,3.25137,3.41857,3.57054,3.70432,3.81698,3.90556,3.96712,3.99872,3.99741,3.96256,3.8992,3.81325,3.7106,3.59716,3.47884,3.36154,3.25115,3.1536,3.07477,3.02058,2.9969,3.0065,3.0465,3.11343,3.20379,3.3141,3.44088,3.58064,3.7299,3.88517,4.04299,4.20102,4.35904,4.51706,4.67507,4.83308,4.99108,5.14908,5.30707,5.46506,5.62305,5.78103,5.93901,6.09699,6.25496,6.41294,6.57091,6.72888,6.88685,]
plot (x,y, 'r')
